1024 660
[ 0.0, 0.0, 0.0 ]
[ 1024.0, 0.0, 0.0 ]
[ 1024.0, 660.0, 0.0 ]
[ 0.0, 660.0, 0.0 ]
[ 511.0, 60.0, 0.0 ]
[ 401.0, 125.0, 0.0 ]
[ 510.0, 160.0, 0.0 ]
[ 597.0, 144.0, 0.0 ]
[ 524.0, 229.0, 0.0 ]
[ 432.0, 284.0, 0.0 ]
[ 372.0, 235.0, 0.0 ]
[ 318.0, 221.0, 0.0 ]
[ 287.0, 301.0, 0.0 ]
[ 310.0, 325.0, 0.0 ]
[ 387.0, 343.0, 0.0 ]
[ 462.0, 336.0, 0.0 ]
[ 487.0, 328.0, 0.0 ]
[ 505.0, 309.0, 0.0 ]
[ 493.0, 251.0, 0.0 ]
[ 416.0, 253.0, 0.0 ]
[ 364.0, 245.0, 0.0 ]
[ 272.0, 207.0, 0.0 ]
[ 228.0, 190.0, 0.0 ]
[ 174.0, 243.0, 0.0 ]
[ 166.0, 280.0, 0.0 ]
[ 140.0, 312.0, 0.0 ]
[ 134.0, 431.0, 0.0 ]
[ 135.0, 449.0, 0.0 ]
[ 170.0, 474.0, 0.0 ]
[ 328.0, 503.0, 0.0 ]
[ 429.0, 505.0, 0.0 ]
[ 493.0, 507.0, 0.0 ]
[ 547.0, 503.0, 0.0 ]
[ 647.0, 491.0, 0.0 ]
[ 741.0, 471.0, 0.0 ]
[ 800.0, 431.0, 0.0 ]
[ 806.0, 324.0, 0.0 ]
[ 803.0, 258.0, 0.0 ]
[ 778.0, 200.0, 0.0 ]
[ 729.0, 159.0, 0.0 ]
[ 807.0, 209.0, 0.0 ]
[ 873.0, 277.0, 0.0 ]
[ 830.0, 328.0, 0.0 ]
[ 763.0, 346.0, 0.0 ]
[ 718.0, 312.0, 0.0 ]
[ 740.0, 260.0, 0.0 ]
[ 615.0, 236.0, 0.0 ]
[ 82.0, 145.0, 0.0 ]
[ 147.0, 54.0, 0.0 ]
[ 200.0, 88.0, 0.0 ]
[ 126.0, 173.0, 0.0 ]
[ 37.0, 266.0, 0.0 ]
[ 155.0, 516.0, 0.0 ]
[ 235.0, 563.0, 0.0 ]
[ 397.0, 617.0, 0.0 ]
[ 332.0, 148.0, 0.0 ]
[ 763.0, 81.0, 0.0 ]
[ 977.0, 289.0, 0.0 ]
[ 681.0, 578.0, 0.0 ]
[ 491.0, 651.0, 0.0 ]
[ 492.0, 648.0, 0.0 ]
[ 32.0, 307.0, 0.0 ]
